101,corn oil,49,44.304445950263
102,cellulose,50,72.56230599233525
103,twigs,11,32.20565845528127
104,silver,37,55.98322972556229
105,cellulose,28,27.694512830764115
106,corn oil,89,50.75073423677215
107,cork,39,76.27482743134175
108,corn oil,50,57.85812362062414
109,leather,72,71.20154855455931
110,pearl,86,5.7795787021704506
111,sugar,19,13.290465943016253
112,grain,89,74.81587391261148
113,natural gas,58,58.36385145946443
114,rocks,53,63.33246679516312
115,cellulose,20,71.46545727284891
116,iron ore,77,61.54933550251362
117,soil,40,85.01655329252783
118,leather,29,14.44511862249252
119,crude oil,45,63.20632524894893
120,iron ore,14,21.22629627740754
121,gasoline,64,90.82989061468827
122,air,63,95.92290595925017
123,natural gas,73,82.18081243055316
124,avocado oil,63,1.813613661064251
125,iron ore,47,95.13731977621406
126,sapphire,27,62.126716990872765
127,ruby,2,4.857516580713523
128,gasoline,30,49.07496032682348
129,rocks,5,10.905243559040194
130,natural gas,5,79.07167005074969
131,wool,58,53.974951937414765
132,coal,40,2.4781697918342585
133,wool,68,38.77646141321918
134,pearl,98,86.06995652802205
135,textile,60,52.21771248597792
136,clay,68,33.75698234851111
137,soil,8,30.741909250955548
138,grain,35,64.41955245380251
139,corn oil,30,9.738845484254885
140,twigs,73,75.84585470929895
141,fish,7,88.11938678917174
142,sunflower oil,0,95.3847833609737
143,soil,5,15.730573234335496
144,snow,34,60.52247871080762
145,coal,95,70.96167387521903
146,water,52,38.86251206285585
147,rubber,58,25.120879750769074
148,rapeseed oil,49,89.54465144515606
149,corn oil,17,82.55704182865009
150,sunflower oil,37,38.475401085147524
151,air,92,15.63998662317052
152,leather,64,85.05496734886307
153,fish,82,53.346391771489635
154,soil,28,88.98703237666723
155,silver,69,60.65160465910453
156,pearl,19,41.42089946181983
157,grain,20,66.13022174669149
158,petroleum,39,60.11896535520548
159,emerald,25,73.17678432197901
160,twigs,76,34.568237223715784
161,grain,5,78.55543330865223
162,pearl,8,4.346469937554311
163,natural gas,59,26.83906770577919
164,rapeseed oil,9,71.49604840881597
165,rapeseed oil,23,36.024940949041046
166,air,37,33.25849117134781
167,rubber,46,19.980621311471367
168,rocks,73,91.1276357956716
169,coal,27,18.93067563749819
170,air,68,6.872219868692433
171,rocks,10,40.61132970429041
172,twigs,62,47.774011783134966
173,marble,85,31.26828273854179
174,crude oil,73,25.80003183081424
175,dairy,70,85.33150586930522
176,tree sap,38,4.593120850575877
177,sunflower oil,84,11.00226953630613
178,rubber,57,26.09975803425029
179,rocks,22,48.458585282789976
180,petroleum,48,20.135641880314964
181,cotton,45,2.454038208662773
182,clay,13,65.69166960663193
183,dairy,2,64.61380202184529
184,coal,36,50.587659981229805
185,gasoline,45,21.120103657595745
186,gasoline,88,41.46852109020003
187,air,75,1.5238187445660323
188,crude oil,19,58.388621451717675
189,silk,12,40.503245896290075
190,sugar,50,22.593499920618864
191,rapeseed oil,89,8.06200203594484
192,sand,7,45.87086212666407
193,sapphire,5,68.73412938668002
194,tree sap,44,13.181307430121732
195,air,82,54.6632721937865
196,snow,10,5.7723595511279076
197,sugar,94,15.003767099729798
198,coal,71,9.403203628679199
199,wool,3,30.20203215266481
200,marble,23,24.324298694557232
201,wool,1,1.9874148794364777
202,tree sap,1,31.76772079032938
203,sapphire,47,2.9556450385041995
204,leather,66,39.56721752305811
205,sand,1,18.363236774235645
206,iron ore,49,51.30633597416256
207,crude oil,63,87.86022846539127
208,dairy,12,47.32686246325342
209,avocado oil,52,71.62339666270616
210,clay,56,81.48738758073871
211,grain,0,51.61937095756127
212,marble,90,19.59435357239995
213,soil,14,59.358450649599654
214,silk,11,58.59606803314073
215,rapeseed oil,87,74.84127990113011
216,fish,1,6.0982065516354025
217,gasoline,46,53.99283173777896
218,diamond,27,79.85271595930232
219,silk,41,30.90429872143723
220,cork,63,5.414198167804505
221,clay,48,82.29390376238888
222,silk,82,49.09671059422563
223,cellulose,22,10.691251500008926
224,gasoline,40,42.65386586734788
225,ruby,32,32.10229567022784
226,natural gas,2,91.67007881273793
227,sugar,16,62.25652108224193
228,diamond,55,32.25497106019803
229,wool,2,11.125095211309834
230,dairy,33,73.03469948614878
231,grain,54,68.06437625777497
232,cork,73,4.065990274667254
233,ruby,13,1.6039605460399957
234,crude oil,81,32.78562011842528
235,iron ore,30,22.047232857458184
236,emerald,72,79.75490031266753
237,coal,83,38.516465244392556
238,wool,66,55.156443634891005
239,marble,12,20.65937171708941
240,iron ore,96,30.352974813151025
241,sunflower oil,76,91.48199958886829
242,rubber,86,75.28012632941372
243,clay,5,66.63515979911384
244,clay,40,88.08549721909546
245,cotton,46,2.4798836118886913
246,crude oil,23,96.1056292148804
247,snow,66,52.786700501723516
248,wool,66,48.77561094025573
249,petroleum,44,79.65284649028384
250,silver,74,96.46988023834817
251,gasoline,31,53.353712775342444
252,diamond,15,91.25046385461279
253,leather,44,22.252117102061238
254,clay,6,22.834816695662926
255,clay,28,33.93387360543001
256,cellulose,45,8.705476599547133
257,air,18,55.45141611918443
258,coal,71,15.597533090280098
259,sand,12,77.43328467452639
260,ruby,45,57.96741660950353
261,sapphire,49,49.250558937829325
262,pearl,73,72.96166837526145
263,water,47,15.34377339270329
264,sand,96,88.86804561988649
265,sapphire,48,90.77232676491526
266,lumber,9,13.410576568031752
267,soil,60,51.56697223904367
268,water,52,73.37711617927492
269,textile,71,19.022568011801607
270,water,53,37.473727503592215
271,lumber,22,98.51108668877824
272,sand,90,37.81308732396268
273,ruby,59,74.69443305833803
274,cork,52,84.16726915117128
275,clay,52,47.46754520075477
276,wool,95,62.58077200123614
277,sugar,54,79.19938384789054
278,pearl,52,30.215785280192005
279,pearl,31,51.37604263365444
280,cotton,63,82.20747286159428
281,fish,93,54.108108034837144
282,rocks,66,89.53768220584193
283,silver,64,18.399262095367366
284,gasoline,12,12.72717985200823
285,dairy,5,28.784103183414388
286,sunflower oil,81,55.88422578867242
287,cork,77,65.76769562764416
288,ruby,27,10.112223526330975
289,crude oil,61,99.34951430156198
290,air,79,56.65079337690787
291,marble,66,33.557973062216064
292,sand,98,7.081021040438401
293,textile,97,40.427984975687124
294,avocado oil,67,18.49762271815842
295,soil,28,99.43097840328849
296,sunflower oil,14,5.783864560571875
297,leather,11,24.118605840512004
298,coal,65,42.849556924044364
299,rapeseed oil,88,57.714803355371856
300,petroleum,25,39.08907293315448
301,tree sap,58,7.079432813637347
302,gasoline,18,99.52550048704265
303,dairy,25,54.1383137776233
304,silver,41,11.16393017675056
305,diamond,30,64.80938866107603
306,rapeseed oil,48,94.83059794978016
307,textile,96,50.2850507085354
308,iron ore,95,62.50079680851667
309,cork,55,13.005217649086454
310,water,78,28.800357198981285
311,coal,75,74.61601697460856
312,rapeseed oil,63,2.4659827576489706
313,rocks,76,45.367379844341585
314,rapeseed oil,89,55.81143570907022
315,wool,14,96.4855679977113
316,pearl,17,56.17091963713834
317,fish,30,3.5165261706625133
318,soil,81,68.2168320248859
319,air,46,89.8364386751008
320,textile,25,93.09390738975159
321,fish,6,20.522607320085182
322,cork,0,21.51081707447303
323,diamond,11,86.85579141301537
324,soil,50,60.68034325872739
325,rocks,43,6.979259245045718
326,snow,23,78.27830450897963
327,water,21,3.8086832557785884
328,marble,39,67.60244680117506
329,avocado oil,69,86.93517115578793
330,silver,94,91.0289384729329
331,rubber,1,51.95268149546325
332,gasoline,66,29.52681041389027
333,cotton,86,6.802187078171063
334,crude oil,48,55.02821823743998
335,dairy,91,1.994272615201957
336,sand,36,48.44361232970803
337,wool,92,49.22482012078
338,soil,23,30.017684943110478
339,sugar,20,98.94540757385964
340,cotton,47,43.50132592785962
341,snow,96,85.92609930064944
342,petroleum,78,68.01598178872503
343,clay,22,64.88208553546144
344,clay,52,97.1290594797105
345,leather,66,29.42966212701593
346,sand,38,4.342849435859273
347,cork,30,82.54475950339406
348,tree sap,84,20.20038841280348
349,rocks,82,20.07524266439644
350,natural gas,47,67.75282850703498
351,pearl,66,42.011289767315326
352,soil,74,99.2301756834165
353,fish,99,92.92332098971455
354,gasoline,71,33.8702420064997
355,air,44,7.492742453769372
356,soil,51,15.628125559600672
357,soil,0,97.76980242459696
358,coal,95,32.99122763530605
359,petroleum,20,80.39609042358416
360,rapeseed oil,17,76.81052144934256
361,twigs,44,75.65780056084063
362,twigs,24,42.57866534736383
363,petroleum,91,56.032479628560395
364,textile,82,13.845610489962171
365,textile,69,40.15213982503247
366,snow,95,43.72184373718077
367,petroleum,98,74.76795271061836
368,rubber,27,34.07613709952383
369,avocado oil,33,3.207105394393256
370,cork,70,44.30860017469295
371,ruby,67,79.75661901603563
372,avocado oil,79,18.841266944098738
373,pearl,63,15.730011611631248
374,avocado oil,38,20.087644910222846
375,clay,22,11.344624328159725
376,avocado oil,46,64.43921455810475
377,rubber,49,47.23496616264776
378,avocado oil,12,88.31109460584416
379,tree sap,7,34.674775325543536
380,avocado oil,88,94.71089792610799
381,sapphire,27,33.970230153204206
382,silk,4,53.153411876786386
383,air,63,85.15271214154892
384,crude oil,61,32.62150577456839
385,pearl,48,5.6821434413978995
386,cotton,79,39.3786374877403
387,rapeseed oil,87,82.66652837743821
388,leather,81,98.18223712174314
389,diamond,73,72.74193095571162
390,textile,88,47.055643659228984
391,sugar,64,76.344928631476
392,diamond,52,76.81004116376504
393,crude oil,11,74.16307714856164
394,sand,78,96.5665356829018
395,diamond,18,37.123196292970206
396,sapphire,56,75.7824862999312
397,air,13,58.66972552518589
398,rubber,27,24.09890646250923
399,tree sap,92,52.30413728235563
400,tree sap,40,50.199874647100444
401,ruby,88,71.33680164057736
402,crude oil,93,90.94049912086061
403,tree sap,20,78.59248472671928
404,rubber,90,95.8789565218325
405,clay,99,83.1124148263067
406,textile,45,95.17272236182163
407,wool,61,68.46981819722751
408,marble,89,54.05341333860097
409,sugar,94,83.46899793978281
410,pearl,94,94.5858494366119
411,marble,55,65.4304764769762
412,sugar,14,20.268083088218056
413,dairy,97,57.88336063964469
414,grain,55,90.15452851601906
415,sapphire,37,47.117398859633724
416,fish,24,43.33149662325797
417,rapeseed oil,73,17.02687901058008
418,pearl,64,78.23878693938538
419,silk,92,69.0381253527892
420,twigs,95,59.08692490066572
421,cellulose,83,62.47520314935634
422,gasoline,99,56.69683999920113
423,rubber,36,90.31906555820848
424,diamond,7,33.89103912190746
425,water,72,76.97714761731221
426,clay,24,86.85237653321805
427,textile,87,33.31840187110991
428,natural gas,44,89.83994416017731
429,silver,77,45.386233136188736
430,silver,66,47.04313012225236
431,silver,53,94.32633182849565
432,silk,54,70.20323645321827
433,sapphire,52,13.48858211175863
434,ruby,44,83.07771168777725
435,lumber,69,17.63754342307641
436,ruby,90,44.02216499153922
437,emerald,18,78.60591057933001
438,air,91,26.357821237393832
439,leather,69,96.38821604527473
440,emerald,31,26.735222071170273
441,iron ore,42,44.936189595914286
442,pearl,64,32.71352869140813
443,ruby,71,39.53829127613501
444,air,57,58.73367619622158
445,emerald,9,91.23882929643189
446,cotton,38,48.39526300129852
447,silver,50,92.26868831226733
448,diamond,9,19.58834944066496
449,twigs,87,39.948063357127836
450,cotton,10,66.32974592119899
451,sand,95,83.54908891586354
452,rocks,45,20.18909338241089
453,leather,12,94.19080380579722
454,sand,49,2.9315292487100475
455,dairy,40,13.525351048226328
456,leather,15,68.98063858714394
457,grain,98,44.79087968213227
458,emerald,5,49.81783460940143
459,rocks,13,70.56448725301718
460,pearl,78,84.61288934804703
461,wool,32,9.7101257553942
462,petroleum,69,89.53306307976689
463,dairy,53,48.11192698575406
464,diamond,58,32.49649791238915
465,cotton,97,79.25289212922598
466,textile,52,5.608977421035607
467,avocado oil,31,53.336828064914585
468,rapeseed oil,23,46.695258210301475
469,silk,42,48.928053396370274
470,cotton,19,35.80489748182168
471,rocks,51,54.053762950458754
472,silver,56,37.84626742178391
473,silver,1,85.58790931076969
474,ruby,85,21.606977392315844
475,emerald,80,6.300887640052397
476,air,48,14.456591312155279
477,natural gas,90,48.48231713775961
478,rocks,40,26.006948230734523
479,petroleum,71,91.5988626016121
480,sand,68,26.289080182971766
481,clay,50,72.5053040166113
482,rubber,58,82.36160606731173
483,lumber,16,44.58730252600815
484,sapphire,96,36.96488590362927
485,avocado oil,50,52.64807623382891
486,snow,94,51.19856851671129
487,crude oil,66,92.87308331337765
488,cotton,86,94.99606141283626
489,lumber,46,2.9420636784060497
490,natural gas,8,64.07054238623346
491,corn oil,90,76.58403987150406
492,wool,57,1.8355416083755616
493,snow,83,60.05134060308765
494,cellulose,25,78.54767437097374
495,avocado oil,40,23.231762887385607
496,iron ore,63,36.67652769833978
497,marble,81,45.33318325082004
498,avocado oil,19,90.14737589028059
499,diamond,34,54.49193443136638
500,gasoline,8,78.73085888128385
501,iron ore,71,11.334294742376816
502,lumber,2,8.259294334317115
503,crude oil,42,17.951430793605677
504,silver,73,11.50891991885664
505,soil,79,32.90809142083309
506,iron ore,40,87.02097077762134
507,avocado oil,82,11.587704906550337
508,twigs,98,24.62949934566497
509,corn oil,97,63.626580028070485
510,corn oil,19,54.71382764713742
511,air,57,67.12175915041016
512,pearl,2,28.817146090865652
513,twigs,0,95.39775930526108
514,diamond,32,64.06930387286742
515,silver,24,10.797963197747976
516,marble,24,54.771347383666956
517,pearl,40,65.9728987245997
518,twigs,15,60.22303074382819
519,sugar,18,95.26493686983156
520,cellulose,11,76.44338913116756
521,emerald,91,15.75973268788531
522,coal,64,1.7988422222896256
523,clay,38,87.55367368019633
524,clay,70,23.550621208425312
525,clay,75,25.40075037505562
526,ruby,33,15.096504490583687
527,rocks,72,44.27290900245446
528,tree sap,41,41.40409460655007
529,silk,80,38.84764095379036
530,water,79,33.320671426316764
531,crude oil,35,34.585987910126036
532,cork,41,27.19275893009189
533,emerald,55,0.4647706945633733
534,grain,63,89.27856596218999
535,petroleum,74,2.1893517902344497
536,gasoline,2,72.33885265207363
537,emerald,92,62.71436321024418
538,textile,18,68.4605430350122
539,silk,71,19.2309958668035
540,iron ore,27,2.9914281227050594
541,diamond,14,32.656424067513655
542,gasoline,3,82.02302746338624
543,water,61,9.176195412745514
544,tree sap,91,58.51860490291796
545,tree sap,94,52.64709438475829
546,silver,93,30.46233907815837
547,gasoline,72,88.97115537541444
548,iron ore,51,1.9914018555194117
549,natural gas,87,74.63229218209013
550,cork,34,67.88441842522619
551,textile,3,63.75932346792532
552,pearl,60,44.12387146564821
553,water,95,79.3941354533993
554,avocado oil,64,37.28366498050293
555,coal,87,89.14811536564964
556,sand,59,84.62182032507786
557,diamond,41,98.4517336487527
558,sunflower oil,33,92.48924322883532
559,rapeseed oil,46,73.9483661298462
560,fish,7,33.06030841899375
561,gasoline,68,96.51536073518282
562,fish,53,80.57370822068816
563,natural gas,98,58.736238803767954
564,cotton,1,45.63877275610276
565,rubber,43,28.2572333751755
566,snow,14,30.42853204609044
567,twigs,60,74.8275520507689
568,air,71,35.68683827926025
569,marble,89,3.4906196547124355
570,corn oil,70,70.07450054182148
571,petroleum,28,23.295135813536973
572,water,10,10.693712066888578
573,textile,78,13.18316102040966
574,water,48,94.08413032145282
575,wool,73,71.92996251966514
576,grain,6,1.8610872807207222
577,silver,73,18.096073113345355
578,cellulose,88,21.24934680603428
579,textile,56,74.48422767062866
580,marble,94,48.686844228596165
581,diamond,1,35.02019289268308
582,diamond,52,79.01622338581102
583,avocado oil,17,28.437721885869557
584,corn oil,62,91.36839584272626
585,soil,47,46.44034852687327
586,ruby,37,87.57126674678263
587,sand,74,23.54293551041185
588,cork,73,64.1762179208169
589,petroleum,59,18.879055909121895
590,emerald,73,3.4688894588563977
591,tree sap,90,94.09925607292729
592,air,99,95.59661454895213
593,sand,11,79.44889604497767
594,cellulose,56,98.65571644804055
595,avocado oil,50,3.3050043531021918
596,diamond,73,52.60324295795616
597,iron ore,62,47.90835914740314
598,gasoline,8,86.81948971086898
599,cork,88,66.65587800241013
600,crude oil,55,83.00403467620053
601,iron ore,79,24.883601686867287
602,twigs,52,83.99340640937103
603,sapphire,55,50.12294389821586
604,dairy,12,23.02014205817347
605,diamond,79,82.34769677052194
606,sand,65,20.336637918689135
607,cork,40,31.287778265527795
608,ruby,47,38.65481392158535
609,tree sap,14,70.83944430129448
610,air,97,46.11735469060444
611,air,86,89.84355793042315
612,rapeseed oil,46,33.2895439642643
613,pearl,18,48.24074306545525
614,lumber,81,46.7846108876408
615,rapeseed oil,16,18.944077644714284
616,fish,22,87.78319439080421
617,emerald,24,65.30844471410273
618,clay,79,88.89112258218739
619,diamond,9,62.15856707972134
620,sand,67,50.15651262230209
621,sunflower oil,44,43.074333945084526
622,leather,72,60.90782079572367
623,corn oil,57,14.16152042253848
624,snow,78,86.42129219904575
625,fish,34,17.727635788454368
626,ruby,95,36.62291397202765
627,cotton,29,36.47340946371938
628,lumber,36,76.82930356417006
629,rapeseed oil,58,29.82999006975939
630,silver,63,73.41567333997318
631,crude oil,82,1.6064446924531788
632,silver,59,31.12567791238267
633,dairy,84,55.21559720127012
634,tree sap,2,52.612641410283196
635,marble,40,3.983619766099913
636,twigs,77,90.18458947283922
637,diamond,60,74.63187847194266
638,lumber,5,47.03616894541664
639,cellulose,61,75.46948998833767
640,cork,62,54.95564430182573
641,avocado oil,19,78.19845018450961
642,iron ore,19,45.566222156859325
643,grain,35,21.73257152444989
644,iron ore,6,20.77744873718153
645,soil,56,61.958573405930615
646,corn oil,57,3.7403207248141244
647,silk,69,57.461957120783126
648,fish,31,0.8944073506464654
649,snow,46,11.768146329689595
650,wool,14,23.275266789756465
651,fish,75,53.88806678359427
652,diamond,35,82.98327888612538
653,soil,1,46.212187647466955
654,petroleum,6,70.92980627734674
655,silver,78,96.46101575274257
656,avocado oil,65,41.88963914680316
657,petroleum,73,40.067913899644935
658,wool,72,37.83866353817068
659,twigs,52,48.091296228957994
660,gasoline,30,60.89469604216684
661,tree sap,36,46.00469576116166
662,emerald,91,81.22125843905448
663,sand,85,97.50696565729446
664,wool,72,33.669891909970005
665,cork,8,3.4432250528903423
666,sugar,89,88.55871694575488
667,coal,58,33.28831592330941
668,fish,76,95.64337185233788
669,ruby,18,20.189196651509636
670,pearl,10,14.33681246286226
671,fish,21,97.12426712448335
672,sugar,64,47.73381118010887
673,emerald,57,66.46620812702196
674,water,55,52.385640724388686
675,sunflower oil,10,93.31738103188793
676,wool,3,42.7265129119412
677,water,81,91.03635736198575
678,emerald,73,95.50564933730044
679,avocado oil,88,39.2363040078848
680,leather,52,12.373358992711031
681,pearl,13,43.91559328498793
682,wool,2,36.8529017573957
683,gasoline,16,17.71023107768405
684,snow,86,45.061445529347985
685,avocado oil,75,49.6540085058986
686,avocado oil,59,56.92758989208541
687,textile,50,2.5353877010519454
688,air,37,11.927090284359865
689,twigs,98,96.93009686516193
690,wool,17,94.98856529104884
691,textile,91,57.94749854180679
692,sunflower oil,75,68.50205301204115
693,marble,22,7.948013579417261
694,diamond,74,99.23757822306129
695,water,18,94.44869240511522
696,cork,50,50.42339827506004
697,coal,9,20.12785643436136
698,rapeseed oil,20,57.88321999119337
699,corn oil,63,57.23050034824851
700,soil,91,74.04085389042666
701,rocks,39,36.74987843320624
702,sand,5,49.998763539954005
703,iron ore,90,47.6777347110367
704,water,57,9.510597917410403
705,pearl,81,6.3890357346081315
706,water,88,61.91973485493871
707,diamond,12,54.489469627857545
708,natural gas,98,10.631859123847677
709,petroleum,28,71.85767630753352
710,snow,5,89.76573206462717
711,sugar,87,42.8262711379664
712,pearl,3,7.732536019928392
713,air,77,95.60347138621148
714,fish,76,80.0920908287689
715,avocado oil,75,1.3160436684682033
716,avocado oil,21,50.267358577923346
717,sugar,31,80.61803718354646
718,silk,31,11.342249669818973
719,leather,99,95.80826498113771
720,textile,12,69.00253312413305
721,ruby,90,84.31202315667424
722,ruby,76,31.365840237610758
723,twigs,71,39.414263600032314
724,emerald,53,44.81365300669941
725,cellulose,40,52.382948003434834
726,twigs,1,43.959889540670055
727,petroleum,95,59.02663122000421
728,leather,40,92.17038230028966
729,tree sap,91,9.494325016268265
730,avocado oil,14,67.19444325584341
731,cellulose,24,41.628990644314776
732,silver,9,82.2079065498596
733,iron ore,61,35.78923547614751
734,tree sap,55,76.02611852055999
735,rubber,37,29.20914678108647
736,twigs,76,67.077457349759
737,emerald,35,87.88260462899349
738,cotton,97,76.86406763277607
739,sand,50,47.42421353717082
740,silk,6,73.30349703644039
741,coal,86,2.513627410742225
742,ruby,17,70.93129341104617
743,crude oil,77,49.10833734248299
744,gasoline,0,9.614682567860246
745,petroleum,43,83.00479652794685
746,textile,63,44.0948814329173
747,cork,8,79.22925565035936
748,sand,61,22.778842967124593
749,diamond,18,41.04374613793701
750,water,4,28.337292760728193
751,rapeseed oil,92,4.882309620295729
752,emerald,54,4.657722336869138
753,diamond,47,25.401970354522295
754,dairy,84,95.70298910325369
755,fish,92,67.53111961740521
756,textile,76,30.07478758489352
757,air,68,81.54544704621647
758,iron ore,53,63.45848070654285
759,natural gas,91,5.93781320811955
760,fish,85,22.132940274275583
761,clay,82,11.498728624658737
762,lumber,97,99.21421110279755
763,cotton,15,18.98760128815775
764,snow,64,44.007565650843354
765,rocks,65,72.2943668091315
766,water,80,83.84391945633497
767,rubber,5,17.387677066390136
768,wool,4,38.12514029134264
769,marble,86,50.37029518279915
770,twigs,52,66.46422636349956
771,crude oil,21,46.458733718085966
772,natural gas,65,26.310527676256896
773,sugar,71,52.482002730417705
774,clay,63,91.0968051036588
775,sand,97,41.279998035918254
776,sapphire,1,68.05878680558503
777,crude oil,74,37.44707580134202
778,rocks,27,21.639921146614633
779,marble,82,59.14220067588598
780,marble,37,52.389539271891536
781,natural gas,62,1.6353676874524798
782,iron ore,75,2.194166908598519
783,air,89,55.156877478460835
784,pearl,9,54.57906934979958
785,cotton,84,43.51824297133094
786,marble,6,6.241593251663674
787,iron ore,99,83.74202153683716
788,dairy,14,85.23189804846473
789,sand,68,73.49037215978666
790,crude oil,47,49.27369229776631
791,lumber,42,62.602194405776046
792,clay,42,38.009058316024266
793,twigs,74,22.741309448149696
794,sand,69,53.638036669748075
795,natural gas,23,43.71389000434427
796,snow,9,45.545406121089286
797,avocado oil,64,8.972362563168469
798,cellulose,33,94.37675555807094
799,textile,29,10.687470433477472
800,corn oil,25,61.21658518208093
801,cork,28,53.34625336368008
802,silver,14,17.05640575305628
803,dairy,41,65.12355140632918
804,gasoline,75,32.04131126829492
805,grain,74,2.18999950419426
806,wool,35,70.45942347568392
807,gasoline,70,25.590942335612407
808,sapphire,21,19.532000080153274
809,coal,87,4.2239849222865065
810,sand,5,56.89763433341375
811,sapphire,14,59.639534362561484
812,grain,3,62.17628504142572
813,cotton,53,89.75215949598108
814,fish,14,5.333407139554823
815,air,18,56.69452665509538
816,fish,69,83.87592448010628
817,water,83,64.85808176168175
818,twigs,18,25.718172248424445
819,rapeseed oil,36,28.098327837926025
820,gasoline,51,43.503708549952734
821,diamond,88,66.34578066278907
822,diamond,16,38.2717473888479
823,crude oil,36,72.52072745574296
824,ruby,14,17.50494977796213
825,soil,52,31.284209023603765
826,sapphire,74,9.727175201648
827,cellulose,55,38.7916347865225
828,cork,82,1.075945240733325
829,sand,41,90.44263431615155
830,clay,30,40.23259920334517
831,rocks,1,0.1256846170987516
832,marble,23,14.497791166499058
833,soil,30,33.788012034706355
834,clay,28,60.31257188983629
835,soil,38,18.85046584170256
836,snow,45,61.89995577850526
837,leather,74,13.324029760093177
838,sugar,3,73.61199703563138
839,water,46,5.213833572130479
840,grain,98,30.416359929735545
841,iron ore,81,82.74154739324332
842,crude oil,98,25.1536606887561
843,textile,76,42.52979699103301
844,soil,80,69.23021376033621
845,dairy,84,59.16657327002316
846,ruby,31,65.35585509074268
847,sand,88,29.624631471318253
848,leather,96,65.42781832173553
849,avocado oil,2,54.694447975269945
850,sand,33,86.87203834290975
851,water,98,25.016800559836298
852,coal,44,39.09428007226815
853,marble,59,12.613004435863829
854,gasoline,97,41.56774254925599
855,clay,89,14.190498025309335
856,rapeseed oil,28,66.79151295898558
857,sand,88,7.451118450897804
858,sapphire,68,61.38168541377139
859,air,77,59.44250531699072
860,avocado oil,39,70.99654221597415
861,silver,39,8.947462579459954
862,tree sap,2,92.69205721305313
863,air,10,57.67937852091434
864,gasoline,61,88.03382290361392
865,clay,96,81.81765660493721
866,clay,5,54.978496842362084
867,sunflower oil,92,54.32341259351062
868,leather,57,98.55680731966741
869,dairy,42,67.55169811880306
870,dairy,70,27.6110483766647
871,grain,34,53.10767844511629
872,sunflower oil,45,22.56092212240351
873,snow,86,83.85527646764692
874,rapeseed oil,85,12.82152835791642
875,snow,16,72.24516353190042
876,marble,73,45.21973016565308
877,corn oil,20,78.61689800830727
878,snow,84,82.29751333591659
879,air,38,95.95599483041133
880,cellulose,26,96.13153627275778
881,lumber,30,70.51831556488904
882,emerald,90,43.394222562605975
883,cellulose,42,52.683087644417455
884,clay,81,47.82099215655079
885,textile,90,49.34106277690193
886,sapphire,93,78.32178844653627
887,sugar,94,36.269652232675796
888,air,1,72.98065633138846
889,textile,53,33.33389044565913
890,marble,96,52.69537745243815
891,soil,78,77.2010441545016
892,snow,27,57.75674241008184
893,soil,25,77.33777771633612
894,rubber,39,29.001924415733413
895,textile,48,59.727500712042904
896,fish,33,88.66002241582287
897,sunflower oil,32,27.567550485239195
898,wool,95,28.368425386897478
899,diamond,33,80.47882177399039
900,sand,30,35.34748647698106
901,textile,50,62.59924009314467
902,clay,73,19.834039830288297
903,tree sap,63,91.26118971376269
904,sand,82,94.97805837876437
905,silver,39,2.7462012719027076
906,petroleum,65,0.8226741706777814
907,sunflower oil,45,20.899066028565713
908,cotton,24,34.72777205931167
909,dairy,98,66.8105880922305
910,fish,25,77.6246504494793
911,rapeseed oil,47,79.8849535534506
912,wool,17,28.031148270840614
913,corn oil,45,23.907370982715502
914,rapeseed oil,70,78.11895023661683
915,wool,59,13.151252364553338
916,sapphire,40,35.373093214981395
917,silver,13,98.85804118725437
918,water,1,50.79246417136852
919,ruby,24,0.22451858017455523
920,cotton,78,34.97532990423339
921,sapphire,96,37.87621655454647
922,cork,74,18.908370240308013
923,marble,68,21.0504015896115
924,fish,78,67.61219592756963
925,textile,92,25.999397383325295
926,silver,64,70.66018542605917
927,cotton,48,71.33136007979911
928,rapeseed oil,14,35.298666459774026
929,gasoline,29,70.94256750866126
930,cork,17,87.00614476814836
931,soil,76,90.56608812071944
932,soil,87,93.06938648259454
933,natural gas,16,46.744818295542835
934,air,26,9.623914094057598
935,clay,45,81.32918834358503
936,silver,46,75.98535122053924
937,ruby,49,59.843855164963365
938,silk,17,82.34667938560285
939,cellulose,64,1.2242316044488175
940,wool,92,1.7267793676934335
941,iron ore,54,83.70610051743759
942,silk,36,74.05758545695622
943,cork,35,91.64054122058211
944,marble,38,86.63690025421297
945,avocado oil,11,72.51496967912627
946,cork,84,77.5553106506948
947,ruby,60,59.14825432886649
948,tree sap,1,33.58901924411729
949,leather,99,42.81268981479873
950,sapphire,90,66.18645765556417
951,rapeseed oil,89,7.919875613633918
952,twigs,11,93.41119748638219
953,tree sap,15,97.45533122554497
954,pearl,93,38.67887612960924
955,diamond,54,6.903320907070838
956,cotton,19,25.83590770513008
957,cork,45,78.96265873509047
958,twigs,89,68.81327404893908
959,cotton,6,25.49197759990975
960,diamond,19,90.82585114175436
961,silver,10,11.3355441128825
962,wool,21,42.318649809655106
963,sand,38,5.614215817479554
964,sugar,45,0.6956524867686327
965,pearl,65,51.53191693799844
966,rapeseed oil,15,0.32446387844239355
967,fish,23,65.238420841707
968,air,61,91.68070802043236
969,iron ore,23,1.3250842880453604
970,ruby,99,11.720331993243347
971,wool,63,9.54100410020695
972,snow,91,77.17530102460752
973,diamond,75,45.04898839631361
974,sapphire,6,79.38684392036122
975,leather,70,29.503147037056802
976,silk,59,34.77749780337253
977,twigs,96,41.79481471711846
978,sapphire,77,63.83723486831555
979,dairy,78,99.35569152268351
980,rubber,59,83.86585163215
981,corn oil,22,46.79217657594617
982,sunflower oil,23,37.2099297764031
983,wool,9,27.788597329908814
984,silk,41,42.43924402512784
985,cotton,74,41.76939782710454
986,air,26,81.85887772015884
987,twigs,70,95.31787505971583
988,soil,83,1.8005551907201691
989,sunflower oil,50,39.27401279042842
990,emerald,48,19.299024234419637
991,crude oil,34,23.93547641559896
992,natural gas,59,5.26912409190871
993,cotton,64,77.96022743173539
994,dairy,62,66.47835834380945
995,rocks,82,34.49870921617638
996,cotton,15,91.64721167517308
997,sunflower oil,90,15.462008500114203
998,sapphire,86,12.110983402818558
999,iron ore,45,35.20155713721673
1000,water,4,5.928905002848251
1001,gasoline,5,1.0178496346316186
1002,leather,91,64.70325057574877
1003,petroleum,92,61.48279428011724
1004,iron ore,90,68.86301522295237
1005,rocks,34,95.90030341539713
1006,wool,57,84.76848444335442
1007,ruby,50,29.454895882529463
1008,sand,36,26.764797974004424
1009,crude oil,55,45.018190339292374
1010,rocks,2,91.27261892026534
1011,natural gas,26,47.01527553699579
1012,snow,89,17.70533611225386
1013,cork,50,81.03215196864481
1014,snow,54,45.9044356608101
1015,leather,75,91.32404481640303
1016,rubber,94,75.80427711105352
1017,fish,88,18.28903513689788
1018,ruby,72,85.68002984952241
1019,coal,17,18.95393576701363
1020,cork,46,95.59795440236347
1021,air,30,98.76257440706094
1022,marble,35,30.384387309447487
1023,corn oil,82,43.2269277501693
1024,cork,79,2.7687840406603184
1025,twigs,35,91.63951427628295
1026,soil,56,22.210745872884406
1027,grain,74,86.94684401877883
1028,sunflower oil,41,61.46291773778277
1029,emerald,0,20.084418007723666
1030,silver,76,4.7195984120731245
1031,twigs,73,34.98008298587562
1032,ruby,8,90.49255140898251
1033,corn oil,71,86.48410154249439
1034,textile,97,55.33505908317273
1035,petroleum,66,52.22173588283183
1036,emerald,21,70.11630595796254
1037,fish,82,48.02376491506986
1038,silver,61,38.69430253543288
1039,sunflower oil,38,43.36238536615183
1040,emerald,95,20.896414557780815
1041,clay,51,30.628820286572846
1042,silver,80,27.926062661444814
1043,crude oil,41,85.99323304580072
1044,natural gas,62,32.933033072736734
1045,cellulose,67,51.990780993470096
1046,corn oil,31,63.811533217590046
1047,cork,36,98.92827794091127
1048,emerald,1,89.1420024884081
1049,dairy,67,2.3827541895548827
1050,leather,73,54.63172046765498
1051,twigs,93,96.05179308157688
1052,rocks,79,74.86970221235758
1053,textile,3,76.7708281883823
1054,cotton,21,3.9378867619364373
1055,marble,39,8.916587291441735
1056,soil,80,62.68414914993353
1057,petroleum,73,21.43942090950203
1058,rapeseed oil,97,39.48975539874283
1059,soil,48,91.5118090251596
1060,rapeseed oil,2,7.550286669419378
1061,iron ore,38,71.8028747662954
1062,sugar,37,78.39896943891387
1063,sapphire,24,91.8739541586271
1064,ruby,91,64.15317474707015
1065,textile,59,59.816703643507516
1066,textile,19,25.434868007518258
1067,petroleum,79,2.2891566801043153
1068,snow,12,55.24450520827577
1069,wool,57,64.42228407942542
1070,diamond,3,66.57004698297426
1071,tree sap,28,11.687648090108166
1072,pearl,80,63.357218729510556
1073,cotton,66,26.514327874934065
1074,diamond,45,96.60435956795753
1075,fish,75,21.16041896699082
1076,wool,11,46.39428719958492
1077,gasoline,14,56.348466900913074
1078,sunflower oil,91,13.47510113432919
1079,cellulose,21,28.37876924635704
1080,wool,74,35.762102114805465
1081,natural gas,80,69.30857470433912
1082,twigs,30,39.71685275400819
1083,sunflower oil,56,8.547000250748292
1084,sugar,31,86.15859284904808
1085,pearl,65,7.214326508348141
1086,sunflower oil,4,70.77879243816184
1087,sugar,77,58.723153179420684
1088,fish,26,11.574546878423627
1089,crude oil,33,74.81120187826822
1090,sunflower oil,68,26.45119904632211
1091,crude oil,19,70.29694204106958
1092,natural gas,76,66.28657650459913
1093,silver,69,57.145794604695084
1094,silver,55,11.181141935881286
1095,lumber,25,71.10128267306315
1096,twigs,87,96.64306791659334
1097,ruby,73,38.17159971784035
1098,leather,17,38.29153544093601
1099,rubber,75,40.15933234474167
1100,gasoline,25,90.35719357928674
